6136247
6136248
6136250
6136320
6136322
6136323
6136325
6153965
6153967
6153968
6153970
6153971
6153973
6153974
6153976
6153977
6153979
6153980
6153982
6136326
6153983
6153985
6153986
6153988
6153989
6153991
6153992
6153994
6153995
6153997
6153998
6154000
6136327
6154001
6154003
6154004
6154006
6154007
6154009
6154010
6154012
6154013
6154015
6154016
6154018
6136328
6154019
6154021
6154022
6154024
6154025
6154027
6154028
6154030
6154031
6154033
6154034
6154036
6154037
6154039
6136329
6154040
6154042
6154043
6154045
6154046
6154048
6154049
6154051
6136330
6154052
6154054
6154055
6154057
6154058
6154060
6154061
6154063
6154064
6154066
6136331
6136332
6136334
6154096
6154098
6154099
6154101
6154102
6154104
6154105
6154107
6136335
6154108
6154110
6154111
6154113
6154114
6154116
6154117
6154119
6154120
6154122
6154123
6154128
6136336
6136337
6136339
6154187
6154189
6154190
6154192
6154193
6154195
6154196
6154198
6154199
6154201
6154202
6154204
6136340
6154205
6154207
6154208
6154210
6154211
6154213
6154214
6154216
6154217
6154219
6163402
6163403
6163405
6163406
6163408
6163409
6163411
6163412
6163414
6163415
6163417
6163418
6163420
6163421
6163422
6163424
6163425
6163427
6163428
6163430
6163431
6163433
6163434
6163436
6163437
6163438
6163440
6163441
6163443
6163444
6163446
6163447
6163449
6163450
6163452
6163453
6163454
6163456
6163457
6163459
6163460
6163462
6163463
6173756
6173757
6163465
6163466
6163468
6163469
6163470
6163472
6163473
6163475
6163476
6163478
6163479
6163481
6163482
6163484
6163485
6163486
6163488
6163489
6163491
6163492
6163494
6163495
6163497
6163498
6163500
6163501
6163503
6163504
6163506
6163507
6163509
6163510
6163512
6163513
6163515
6163516
6163518
6163519
6163524
6163525
6163527
6163528
6163530
6163531
6163532
6163533
6163535
6136350
6136351
6136353
6163541
6163543
6163544
6163546
6163547
6163549
6163550
6163552
6163553
6163555
6163556
6163558
6163559
6163561
6163562
6136354
6163563
6163565
6163566
6163568
6163569
6163571
6163572
6163574
6163575
6163577
6163578
6163580
6136356
6163608
6163610
6163611
6163634
6163635
6163637
6163638
6163640
6136355
6163581
6163583
6163584
6163586
6163587
6163615
6163616
6163618
6163619
6163621
6164295
6164297
6136357
6163641
6163643
6163644
6163646
6163647
6163649
6163650
6163652
6163653
6163655
6163656
6163658
6163659
6163664
6136358
6163718
6163720
6163721
6163723
6163724
6163726
6163727
6163729
6136359
6136360
6136362
6163730
6163732
6163733
6163735
6163736
6163738
6163739
6163741
6163742
6163744
6163745
6163747
6136363
6163748
6163750
6163751
6163753
6163754
6163756
6163757
6163759
6163760
6163762
6136364
6163763
6163765
6163766
6163768
6163769
6163771
6163772
6163774
6163775
6163777
6163778
6163780
6136365
6163856
6163858
6163859
6163861
6163862
6163864
6163865
6163867
6163868
6163870
6163871
6163873
6163874
6163876
6136366
6163877
6163879
6163880
6163882
6163883
6163885
6163886
6163888
6136367
6163889
6163894
6163895
6163897
6163898
6163900
6163901
6163903
6163904
6163906
6163907
6163909
6172238
6172239
6172241
6172242
6172244
6172245
6172247
6172248
6172250
6172251
6172253
6172254
6172256
6172257
6172259
6172260
6172261
6172263
6172264
6172266
6172267
6172269
6172270
6172272
6172273
6172275
6172276
6172277
6172279
6172280
6172282
6172283
6172285
6172286
6172288
6172289
6172291
6172292
6172294
6172295
6172296
6172298
6172299
6172301
6172302
6172304
6172305
6172307
6172308
6172310
6172311
6172313
6172314
6172316
6178503
6172317
6172318
6172320
6172321
6172323
6172324
6172326
6172327
6172329
6172330
6172332
6172333
6172335
6136368
6136369
6136371
6163967
6163969
6163970
6163972
6163973
6163975
6163976
6163978
6163979
6163981
6136372
6163982
6163984
6163985
6163987
6163988
6163990
6163991
6163993
6163994
6163996
6136373
6163997
6163999
6164000
6164002
6164003
6164005
6164006
6164008
6164009
6164011
6164012
6164014
6136374
6164015
6164017
6164018
6164020
6164021
6164023
6164024
6164026
6164027
6164029
6164030
6164032
6164033
6164035
6136375
6164036
6164038
6164039
6164041
6164042
6164044
6164045
6164047
6164048
6164050
6164051
6164053
6136376
6164054
6164056
6164057
6164059
6164060
6164062
6164063
6164065
6164066
6164068
6164069
6164071
6136251
6136377
6136379
6160600
6160602
6160603
6160605
6160606
6160608
6160609
6160611
6160612
6160614
6160615
6160617
6160618
6160620
6160621
6160622
6160624
6160625
6160627
6160628
6160630
6160631
6160633
6160634
6160636
6160637
6160639
6160640
6160642
6160643
6160645
6160646
6160647
6160649
6160650
6160652
6160653
6160655
6160656
6160658
6160659
6160661
6160662
6160663
6160665
6160666
6160668
6160669
6160671
6160672
6160674
6160675
6160677
6160678
6160680
6160681
6160683
6160684
6160686
6160687
6160688
6160690
6160691
6160693
6160694
6160696
6160697
6160699
6136388
6160725
6160727
6160728
6160730
6160731
6160733
6160734
6160736
6160737
6160739
6160740
6160742
6160743
6160745
6160746
6160748
6160749
6160750
6160752
6160753
6160755
6160756
6160758
6160759
6160761
6160762
6160764
6160765
6160767
6160768
6160769
6160771
6160772
6160774
6160775
6160777
6160778
6160780
6160781
6160783
6160784
6160786
6160787
6160789
6136397
6160799
6160801
6160802
6160804
6160805
6160807
6160808
6160810
6160811
6160813
6160814
6160816
6160817
6160819
6160820
6160822
6160823
6160825
6160826
6160827
6160829
6160830
6160832
6160833
6160835
6160836
6160838
6160839
6160841
6160842
6160844
6160845
6160847
6160848
6160850
6160851
6160853
6160854
6160855
6160857
6160858
6160860
6160861
6160863
6160864
6160866
6160867
6160869
6136403
6160938
6160940
6160941
6160943
6160944
6160946
6160947
6160949
6160950
6160952
6160953
6160954
6160956
6160957
6160959
6160960
6160962
6160963
6160965
6160966
6160968
6160969
6160971
6160972
6160974
6160975
6160976
6160978
6160979
6160981
6160982
6160984
6160985
6160987
6160988
6160990
6160991
6160993
6160994
6160995
6160997
6160998
6161000
6161001
6161003
6161004
6161006
6161007
6161008
6161010
6161011
6161013
6161014
6161016
6161017
6161019
6161020
6161022
6161023
6161024
6161025
6161027
6161028
6161030
6161031
6161032
6161034
6161035
6161037
6161038
6161040
6161041
6161043
6161044
6161046
6136412
6161047
6161049
6161050
6161052
6161053
6161055
6161056
6161058
6161059
6161061
6161062
6161064
6161065
6161067
6161068
6161069
6161071
6161072
6161074
6161075
6161077
6161078
6161080
6161081
6161083
6161084
6161086
6161087
6161088
6161090
6161091
6161093
6161094
6161096
6161097
6161099
6161100
6161102
6161103
6161105
6161106
6161107
6161109
6161110
6161112
6161113
6161115
6161116
6161118
6161119
6161121
6161122
6161124
6161125
6161127
6161128
6161130
6161131
6161133
6161134
6161136
6161137
6161139
6161140
6161142
6161143
6161145
6161146
6161148
6161149
6161151
6161152
6161154
6161155
6161157
6161158
6161160
6161161
6161163
6161164
6161166
6161167
6162086
6162088
6162089
6162091
6162092
6162094
6162095
6162097
6162098
6162100
6162101
6162103
6171263
6171266
6171267
6171265
6171268
6171269
6171270
6162104
6162105
6162107
6162108
6162110
6161183
6161184
6161186
6161187
6161189
6161190
6161192
6161193
6161195
6161196
6161198
6161199
6161201
6161202
6161203
6161205
6161206
6161208
6161209
6161211
6161212
6161214
6161215
6161217
6171271
6171273
6171286
6136421
6163109
6163111
6163112
6163114
6163115
6163117
6163118
6163120
6163121
6163123
6163124
6163126
6163127
6163129
6163130
6163131
6163133
6163134
6163136
6163137
6163139
6163140
6163142
6163143
6163145
6163146
6163148
6163149
6163151
6163152
6163153
6163154
6163156
6163157
6163159
6163160
6163161
6163163
6163164
6163166
6163167
6163169
6163170
6163172
6163173
6163175
6163176
6163178
6163179
6163180
6163182
6163183
6163185
6163186
6163188
6163189
6163191
6163192
6163194
6163195
6163197
6163198
6163200
6163201
6163202
6163204
6163205
6163207
6163208
6163210
6163211
6163213
6163214
6163216
6163217
6163219
6163220
6163222
6163223
6163225
6163226
6163227
6163229
6163230
6163232
6163233
6163235
6163236
6163237
6163239
6163240
6163242
6163243
6163245
6163246
6163248
6163249
6163251
6163252
6163254
6163255
6163257
6163258
6163260
6163261
6163262
6163264
6163265
6163267
6163268
6163270
6163271
6163273
6163274
6163275
6163277
6163278
6163280
6163281
6163282
6163284
6163285
6163287
6163288
6163290
6163291
6163293
6163294
6163296
6163297
6163298
6163300
6136430
6161226
6161228
6161229
6161231
6161232
6161234
6161235
6161237
6161238
6161240
6161241
6161243
6161244
6161246
6161247
6161249
6161250
6161252
6161253
6161254
6161256
6161257
6161259
6161260
6161262
6161263
6161265
6161266
6161268
6161269
6161270
6161272
6161273
6161275
6161276
6161278
6161279
6161281
6161282
6161284
6161285
6161287
6171166
6171168
6161288
6161289
6161291
6161292
6161294
6161295
6161297
6161298
6161300
6161301
6161303
6161304
6161306
6161307
6161308
6161310
6161311
6161313
6161314
6161316
6161317
6161319
6161320
6161322
6161323
6161324
6161326
6161327
6161329
6161330
6161332
6161333
6161334
6161336
6161337
6161339
6161340
6161342
6161343
6161345
6161346
6161348
6161349
6161351
6171020
6171021
6171023
6171024
6171026
6171027
6171029
6171030
6171032
6171033
6171035
6171036
6171038
6171039
6171041
6171042
6171044
6171045
6171046
6171048
6171049
6171051
6171052
6171054
6171055
6171057
6171058
6171060
6171061
6171063
6171064
6171066
6171067
6171068
6171070
6171071
6171073
6171074
6171076
6171077
6171079
6171080
6171082
6171083
6171085
6171086
6178585
6171088
6171089
6171091
6171092
6171094
6171095
6171096
6171098
6171099
6171101
6171102
6171104
6171105
6171107
6171108
6171110
6171111
6171113
6171114
6171116
6171117
6171119
6171120
6171122
6171126
6171130
6171131
6171133
6171134
6171136
6171137
6171139
6136252
6136439
6136441
6136442
6136444
6151222
6151224
6151225
6151227
6151228
6151230
6136445
6151231
6151233
6151234
6151236
6151237
6151239
6151240
6151242
6136446
6136447
6136449
6151243
6151245
6151246
6151248
6151249
6151251
6136450
6151252
6151254
6151255
6151257
6151258
6151260
6151261
6151263
6151264
6151266
6136451
6151267
6151269
6151270
6151272
6151273
6151275
6151276
6151278
6151279
6151281
6136458
6136459
6136461
6151282
6151284
6151285
6151287
6151288
6151290
6151291
6151293
6136462
6151294
6151296
6151297
6151299
6151300
6151302
6136463
6136464
6136466
6151303
6151305
6151306
6151308
6151309
6151311
6151312
6151314
6136467
6151315
6151320
6151321
6151323
6151324
6151326
6151327
6151329
6151330
6151332
6151333
6151335
6151336
6151338
6136468
6136469
6136471
6151339
6151341
6151342
6151344
6151345
6151347
6151348
6151350
6151351
6151353
6151354
6151356
6151357
6136472
6151358
6151360
6151361
6151363
6151364
6151366
6151367
6151369
6151370
6151372
6136473
6136474
6136476
6151445
6151447
6151448
6151450
6151451
6151453
6151454
6151456
6151457
6151459
6136477
6151460
6151462
6151463
6151465
6151466
6151468
6151469
6151471
6151472
6151474
6136253
6136478
6136480
6136481
6136483
6147408
6148450
6148451
6147417
6147601
6147410
6147411
6147413
6147414
6147416
6147603
6147605
6136484
6147626
6147628
6147629
6147631
6147632
6147735
6147970
6147972
6147973
6147975
6148022
6148024
6136485
6136486
6136488
6136489
6026234
6026235
6026237
6026238
6026240
6026241
6026243
6026244
6026246
6026247
6026249
6026250
6136491
6148031
6148033
6148453
6148455
6148456
6148458
6148459
6148461
6148462
6148464
6148465
6148467
6148468
6148470
6148471
6148473
6136492
6148034
6148036
6148474
6148476
6148477
6148479
6148480
6148482
6149164
6149166
6149167
6149169
6136499
6136500
6136502
6148697
6148699
6148700
6148702
6148703
6148705
6148706
6148708
6148709
6148711
6148712
6148714
6136503
6148715
6148717
6148718
6148720
6148721
6148723
6148724
6148726
6148727
6148729
6148730
6148732
6148733
6148735
6148763
6148737
6148765
6148736
6148767
6148738
6148769
6148739
6148771
6148740
6136504
6136505
6136507
6148741
6148743
6148744
6148746
6148747
6148749
6148750
6148752
6148753
6148755
6148756
6148758
6136508
6148759
6148761
6149170
6149172
6149173
6149175
6149176
6149178
6149179
6149181
6149182
6149184
6149185
6149187
6149188
6149190
6149191
6149193
6149194
6149196
6136509
6136510
6136512
6149197
6149199
6149200
6149202
6149203
6149205
6149206
6149208
6149209
6149211
6149212
6149214
6149215
6149217
6149218
6149220
6136513
6149221
6149223
6149224
6149226
6149227
6149229
6149230
6149232
6149233
6149235
6149236
6149238
6149239
6149241
6149242
6149244
6136514
6136515
6136518
6149248
6149250
6149301
6149303
6149304
6149306
6149307
6149309
6149310
6149312
6149313
6149315
6149316
6149318
6149319
6136517
6149245
6149247
6149286
6149288
6149289
6149291
6149292
6149294
6149295
6149297
6149298
6149300
6136254
6136519
6136521
6136522
6136524
6141439
6141441
6141442
6141444
6141445
6141447
6141448
6141450
6141451
6141453
6141454
6141456
6141457
6136525
6141489
6141491
6141492
6141494
6141495
6141497
6141498
6141500
6141501
6141503
6141504
6141506
6141507
6136526
6141509
6141511
6141512
6141514
6141515
6141517
6141518
6141520
6141521
6141523
6141524
6141526
6141527
6141529
6141530
6141546
6141547
6141549
6141550
6141552
6141553
6141555
6141556
6141558
6141559
6136528
6141561
6141563
6141564
6141566
6141567
6141569
6141570
6141572
6141573
6141575
6141576
6141578
6141579
6141581
6141582
6136529
6141584
6141586
6141587
6141589
6141590
6141592
6141593
6141595
6141596
6141598
6141599
6141601
6141602
6141604
6141605
6141607
6141608
6141610
6141611
6141613
6141614
6141616
6141617
6141619
6141620
6141622
6141623
6136530
6136531
6136533
6141643
6141645
6141646
6141648
6141649
6141651
6141652
6141654
6141655
6141657
6141658
6141660
6141661
6136534
6141663
6141665
6141666
6141668
6141669
6141671
6141672
6141674
6141675
6141677
6141678
6141680
6141681
6141683
6141684
6141686
6141687
6136535
6141689
6141691
6141692
6141694
6141695
6141697
6141698
6141700
6141701
6141703
6141704
6141706
6141707
6136537
6141709
6141711
6141712
6141714
6141715
6141717
6141718
6141720
6141721
6141723
6141724
6141726
6141727
6141729
6141730
6141732
6141733
6141735
6141736
6141738
6141739
6141741
6141742
6141744
6141745
6136538
6141747
6141749
6141750
6141752
6141753
6141755
6141756
6141758
6141759
6141761
6141762
6141764
6141765
6136539
6136540
6136542
6141767
6141769
6141770
6141772
6141773
6141775
6141776
6141778
6141779
6141781
6141782
6141784
6141785
6136543
6141787
6141789
6141790
6141792
6141793
6141795
6141796
6141798
6141799
6141801
6141802
6141804
6141805
6141807
6141808
6136544
6136545
6136547
6141810
6141812
6141813
6141815
6141816
6141818
6141819
6141821
6141822
6141824
6141825
6141827
6141828
6136548
6141830
6141832
6141833
6141835
6141836
6141838
6141839
6141841
6141842
6141844
6141845
6141847
6141848
6141850
6141851
6141853
6141854
6136549
6136550
6136552
6141856
6141858
6141859
6141861
6141862
6141864
6141865
6141867
6141868
6141870
6141871
6141873
6141874
6141876
6141877
6136553
6141879
6141881
6141882
6141884
6141885
6141887
6141888
6141890
6141891
6141893
6141894
6141896
6141897
6141899
6141900
6136554
6141902
6141904
6141905
6141907
6141908
6141910
6141911
6141913
6141914
6141916
6141917
6141919
6141920
6141922
6141923
6141925
6141926
6141928
6141929
6141931
6141932
6143092
6143093
6143095
6143096
6143098
6143099
6143101
6143102
6143104
6143105
6143107
6143108
6143110
6143111
6143113
6143114
6136556
6141934
6141936
6141937
6141939
6141940
6141942
6141943
6141945
6141946
6141948
6141949
6136557
6141969
6143116
6143117
6143119
6143120
6143122
6143123
6143125
6143126
6143128
6143129
6143131
6143132
6143134
6143135
6143137
6143138
6143140
6143141
6143143
6143144
6136558
6136559
6136561
6143146
6143148
6143149
6143151
6143152
6143154
6143155
6143157
6143158
6143160
6143161
6143163
6143164
6136562
6143166
6143168
6143169
6143171
6143172
6143174
6143175
6143177
6143178
6143180
6143181
6143183
6143184
6143186
6143187
6143189
6143190
6143192
6143193
6143195
6143196
6143198
6143199
6143201
6143202
6143204
6143205
6143207
6143208
6143210
6143211
6143213
6143214
6136563
6143216
6143218
6143219
6143221
6143222
6143224
6143225
6143227
6143228
6143230
6143231
6143233
6143234
6136564
6143236
6143238
6143239
6143241
6143242
6143244
6143245
6143247
6143248
6143250
6143251
6136566
6143253
6143255
6143256
6143258
6143259
6143261
6143262
6143264
6143265
6143267
6143268
6143270
6143271
6143273
6143274
6143276
6143277
6136565
6143279
6143281
6143282
6143284
6143285
6143287
6143288
6143290
6143291
6143293
6143294
6143296
6143297
6143299
6143300
6171851
6171852
6171854
6171855
6171857
6171858
6171860
6171861
6171863
6171864
6171866
6171867
6171869
6171870
6171872
6171873
6171874
6171876
6171877
6171879
6171880
6171882
6171883
6171885
6171886
6171888
6171889
6171891
6171892
6171894
6171895
6171896
6171898
6171899
6171901
6171902
6171904
6171905
6171907
6171908
6171910
6171911
6171912
6171914
6171915
6171917
6171918
6171920
6171921
6171923
6171924
6171926
6171927
6171929
6171930
6171932
6171933
6171935
6171936
6171937
6171939
6171940
6171942
6171943
6171945
6171946
6171948
6171949
6171951
6171952
6171954
6136567
6136568
6136570
6143302
6143304
6143305
6143307
6143308
6143310
6143311
6143313
6143314
6143316
6143317
6143319
6143320
6143322
6143323
6143325
6143326
6136571
6143328
6143330
6143331
6143333
6143334
6143336
6143337
6143339
6143340
6136572
6143342
6143344
6143345
6143347
6143348
6143350
6143351
6143353
6143354
6143356
6143357
6143359
6143360
6136573
6143362
6143364
6143365
6143367
6143368
6143370
6143371
6143373
6143374
6143376
6143377
6143379
6143380
6143382
6143383
6136574
6143385
6143387
6143388
6143390
6143391
6143393
6143394
6143396
6143397
6143399
6143400
6143402
6143403
6136575
6143405
6143407
6143408
6143410
6143411
6143413
6143414
6143416
6143417
6143419
6143420
6143422
6143423
6143425
6143426
6136255
6155410
6155412
6155413
6155415
6155416
6155418
6155419
6155421
6155422
6155424
6155425
6155427
6155428
6155430
6155431
6155433
6155434
6155436
6155437
6171526
6171527
6171529
6171530
6171532
6171533
6171535
6171536
6171538
6171539
6171541
6171542
6171544
6171545
6171547
6155469
6155470
6155472
6155473
6155475
6155476
6155478
6155479
6155481
6155482
6155484
6155485
6155487
6155488
6155490
6155491
6155493
6155494
6155496
6155497
6155499
6155500
6155505
6155506
6155508
6155509
6155511
6155512
6155514
6155515
6155517
6155518
6155520
6155521
6155523
6155524
6155526
6155527
6155529
6155530
6155532
6155533
6155535
6155536
6155538
6155539
6155541
6155542
6155544
6155545
6155547
6155548
6155550
6155551
6155553
6155554
6155556
6155557
6155559
6155560
6155562
6155563
6155565
6155566
6155568
6155569
6155571
6155572
6155574
6155575
6155577
6155578
6155580
6155581
6155583
6155584
6155586
6155587
6155589
6155590
6155592
6155593
6155595
6155596
6155598
6155599
6155601
6155602
6155604
6155605
6155607
6155608
6155610
6155611
6155613
6155614
6155616
6155617
6155619
6155620
6155622
6155623
6155625
6155626
6155628
6155629
6155631
6155632
6155637
6155638
6155640
6155641
6155643
6155644
6155646
6155647
6155649
6155650
6155652
6155653
6155655
6155656
6155658
6155659
6155661
6155662
6155664
6155665
6155667
6155668
6155670
6155671
6155673
6155674
6155676
6155677
6155679
6155680
6155682
6155683
6155685
6155686
6155688
6155689
6155691
6155692
6155694
6155695
6155697
6155698
6155700
6155701
6155703
6155704
6171564
6171565
6171567
6171568
6171570
6171571
6171573
6171574
6171576
6171577
6171579
6171580
6171582
6171583
6171585
6171586
6171588
6171589
6155706
6155707
6155709
6155710
6155712
6155713
6155715
6155716
6155718
6155719
6155721
6155722
6155724
6155725
6155727
6155728
6155730
6155731
6155733
6155734
6155736
6155737
6155739
6155740
6155742
6155743
6155745
6155746
6155748
6155749
6155751
6155752
6155754
6155755
6155757
6155758
6155760
6155761
6155763
6155764
6155766
6155767
6155769
6155770
6155772
6155773
6155775
6155776
6155778
6155779
6155781
6155782
6155784
6155785
6155787
6155788
6155793
6155794
6155796
6155797
6155799
6155800
6155802
6155803
6155805
6155806
6155808
6155809
6155811
6155812
6155814
6155815
6155817
6155818
6155820
6155821
6155823
6155824
6155826
6155827
6155829
6155830
6155832
6155833
6155835
6155836
6155838
6155839
6155841
6155842
6155844
6155845
6155847
6155848
6155850
6155851
6155853
6155854
6155856
6155857
6155859
6155860
6155862
6155863
6155865
6155866
6155868
6155869
6155871
6155872
6155874
6155875
6155877
6155880
6155881
6155883
6155884
6155886
6155887
6155889
6155890
6155892
6155893
6155895
6155896
6155898
6155899
6155901
6155902
6171554
6171555
6171557
6155904
6155905
6155907
6155908
6155910
6155911
6155913
6155914
6155916
6155917
6155919
6155920
6155922
6155923
6155925
6155926
6155928
6155929
6155931
6155932
6155934
6155935
6155937
6155938
6155940
6155941
6155943
6155944
6155946
6155947
6156086
6156087
6156089
6156090
6156092
6156093
6156095
6156096
6156098
6156099
6156101
6156102
6156104
6156105
6156107
6156108
6156110
6156111
6156113
6156114
6156116
6156117
6156119
6156120
6156146
6156147
6156149
6156150
6156152
6156153
6156155
6156156
6156158
6156159
6156161
6156162
6156164
6156165
6156167
6156168
6156170
6156171
6156173
6156174
6156176
6156177
6156179
6156180
6156182
6156183
6156185
6156186
6156188
6156189
6156191
6156192
6156194
6156195
6156197
6156198
6156200
6156201
6156203
6156204
6156206
6156207
6156209
6156210
6156212
6156213
6156215
6156216
6156218
6156219
6156221
6156222
6156224
6156225
6156227
6156228
6156230
6156231
6156233
6156234
6156236
6156237
6156239
6156240
6156242
6156243
6156245
6156246
6156248
6156249
6156251
6156252
6156254
6156255
6156257
6156258
6156260
6156261
6156263
6156264
6156266
6156267
6156269
6156270
6156272
6156273
6156275
6156276
6155949
6155950
6155952
6155953
6155955
6155956
6155958
6155959
6155961
6155962
6155964
6155965
6155967
6155968
6155970
6155971
6155973
6155974
6155976
6155977
6155979
6155980
6155982
6155983
6155985
6155986
6155988
6155989
6155991
6155992
6155994
6155995
6155997
6155998
6156000
6156001
6156003
6156004
6156006
6156007
6156009
6156010
6156012
6156013
6156015
6156016
6156018
6156019
6156021
6156022
6156024
6156025
6156027
6156028
6156030
6156031
6156033
6156034
6156036
6156037
6156039
6156040
6156042
6156043
6156045
6156046
6156048
6156049
6156051
6156052
6156054
6156055
6156057
6156058
6156060
6156061
6156063
6156064
6156066
6156067
6156069
6156070
6156072
6171598
6156081
6156082
6171600
6171601
6171603
6171604
6171606
6173308
6173309
6173311
6173312
6173314
6173315
6173317
6173318
6173320
6173321
6173323
6173324
6173326
6173327
6173328
6173330
6173331
6173333
6173334
6173336
6173337
6173339
6173340
6173342
6173343
6173345
6173346
6173348
6173349
6173350
6173352
6173391
6173355
6173356
6173358
6173359
6173361
6173362
6173364
6173368
6173369
6173371
6173372
6173374
6173375
6173377
6173378
6173380
6173381
6173383
6173384
6173386
6136256
6136633
6136635
6136636
6136638
6165352
6165354
6165359
6165361
6165362
6165367
6165370
6165376
6165365
6165372
6165403
6165404
6165406
6165407
6165409
6165410
6165412
6165413
6165415
6165419
6165421
6165366
6165422
6165424
6136639
6165430
6165432
6165433
6165435
6165449
6165451
6165452
6165454
6165469
6165470
6165472
6165473
6165475
6165476
6165478
6165479
6165481
6165483
6165485
6136641
6166365
6166367
6166399
6166394
6166401
6166403
6166404
6166406
6166407
6166409
6166410
6166412
6136640
6165595
6165597
6165603
6165605
6165606
6165608
6136642
6166450
6166452
6166453
6166455
6166456
6166458
6166459
6166461
6166496
6166462
6166498
6166500
6136643
6166669
6166671
6166672
6166674
6166675
6166677
6166678
6166681
6166709
6166711
6166712
6166714
6166680
6166715
6166717
6166724
6166726
6166682
6166718
6166720
6166727
6166729
6136644
6136645
6136647
6166961
6166963
6166964
6166966
6166967
6166969
6166970
6166972
6166973
6166975
6166976
6166978
6136648
6167035
6167037
6167038
6167040
6167041
6167043
6167044
6167046
6136649
6167051
6167053
6167054
6167056
6167063
6167065
6136650
6167107
6167109
6167110
6167112
6167113
6167115
6167116
6167118
6167119
6167121
6167150
6167170
6167172
6167173
6167175
6167176
6167187
6167188
6167190
6167191
6167193
6167194
6167196
6167197
6167199
6136651
6167852
6167854
6167855
6167857
6167858
6167860
6168319
6168321
6136653
6136654
6136656
6164773
6164775
6164776
6164778
6164779
6164781
6164782
6164784
6164785
6164787
6136657
6164839
6164841
6164842
6164844
6164845
6164847
6164848
6164850
6136658
6136659
6136661
6164872
6164874
6164875
6164880
6165627
6165629
6165630
6165632
6136662
6165615
6165617
6165618
6165620
6165621
6165623
6165624
6165626
6165657
6165659
6165660
6165662
6136663
6136664
6136666
6167861
6167863
6167864
6167866
6167910
6167912
6136667
6167947
6167949
6167950
6167952
6167953
6167955
6167956
6167958
6167959
6167961
6167962
6167964
6167977
6167979
6136668
6167980
6167982
6167983
6167985
6167986
6167988
6167989
6167991
6167992
6167994
6167995
6167997
6167998
6168000
6173759
6173761
6136669
6168022
6168024
6168025
6168027
6168028
6168030
6168031
6168033
6168034
6168036
6168037
6168039
6168040
6168042
6168043
6168045
6136670
6168340
6168342
6168416
6168418
6168541
6168601
6168602
6168419
6168543
6168545
6168604
6168687
6136671
6168907
6168909
6168910
6168912
6169050
6169052
6169053
6169055
6173762
6173764
6136672
6136673
6136675
6169152
6169154
6169155
6169157
6169158
6169160
6169161
6169163
6169169
6169171
6169172
6169174
6169196
6169198
6169199
6169201
6136676
6169283
6169285
6169286
6169288
6169289
6169291
6169292
6169294
6169295
6169297
6169298
6169300
6169301
6169303
6136677
6169316
6169318
6169330
6169332
6169334
6169336
6169345
6169347
6169348
6169350
6136678
6169470
6169472
6169473
6169475
6169476
6169478
6169522
6169524
6136679
6169674
6169676
6169678
6169704
6169705
6169707
6169677
6169680
6169708
6169709
6169711
6169712
6169714
6169715
6169717
6169718
6169720
6136680
6169736
6169738
6169739
6169741
6169742
6169744
6169745
6169747
6136681
6136682
6136684
6169770
6169772
6169773
6169775
6169776
6169778
6169779
6169781
6169782
6169784
6169785
6169787
6136685
6169789
6169791
6169792
6169794
6169795
6169797
6136686
6169798
6169800
6169801
6169803
6169811
6169813
6169814
6169816
6136687
6169817
6169819
6169820
6169822
6169823
6169825
6136688
6169826
6169828
6169854
6169856
6169857
6169859
6169860
6169862
6169863
6169865
6169866
6169868
6169869
6169871
6169844
6169845
6169847
6169848
6169850
6169851
6169853
6136689
6169829
6169831
6169832
6169834
6169835
6169837
6169838
6169840
6169841
6169843
6167867
6167868
6167870
6169451
6169453
6169456
6169458
6167871
6169748
6169750
6169751
6169753
6169759
6169761
6169762
6169764
6169765
6169767
6167872
6169883
6169885
6169886
6169888
6170161
6170163
6170164
6170166
6167873
6170192
6170194
6170195
6170197
6170198
6170200
6170201
6170203
6172685
6172686
6172688
6172689
6172691
6172692
6172694
6172695
6172697
6172698
6172700
6172701
6172703
6172704
6172706
6172707
6172709
6172710
6172712
6172713
6172714
6172716
6172717
6172719
6172720
6172722
6172723
6172725
6172726
6172728
6172729
6172730
6172732
6172733
6172735
6172736
6172738
6172739
6172741
6172742
6172744
6172745
6172747
6172748
6172749
6172751
6172752
6172754
6172755
6172757
6172758
6172760
6172761
6172763
6172764
6172765
6172767
6172768
6172770
6172771
6172773
6172774
6172776
6172777
6172779
6172780
6172782
6172783
6172785
6172786
6172787
6172789
6172790
6172792
6172793
6172795
6172796
6172798
6172799
6172801
6172802
6172803
6172805
6172806
6172808
6172809
6172811
6172812
6172817
6172818
6172820
6172821
6172822
6172824
6172825
6172827
6172828
6172830
6172831
6172833
6172834
6172836
6172837
6172839
6172840
6172842
6172843
6172844
6172846
6172847
6172849
6172850
6172852
6172853
6172855
6172856
6172858
6172859
6172861
6172862
6172863
6172865
6172866
6172868
6172869
6172871
6172872
6172874
6172875
6172877
6172878
6172880
6172881
6172882
6172884
6172885
6172893
6172894
6172896
6172897
6172899
6172900
6172902
6172903
6172904
6172906
6172907
6172909
6172910
6172912
6172913
6172918
6172919
6172921
6172922
6172924
6172925
6172927
6172928
6172930
6172931
6172932
6172934
6172935
6172937
6172938
6172940
6172941
6172943
6172944
6172946
6172947
6172949
6172950
6172952
6172953
6172954
6172956
6172957
6172959
6172960
6172962
6172963
6172964
6172966
6172967
6172969
6172970
6172972
6172973
6172975
6172976
6172978
6172979
6172981
6172982
6172984
6172985
6172986
6172988
6172989
6172991
6172992
6172994
6172995
6172997
6173007
6173008
6173010
6173011
6173013
6173014
6173016
6173017
6173019
6173020
6173022
6173023
6173024
6173026
6173027
6173029
6173030
6173032
6173033
6173035
6173036
6173038
6173039
6173041
6173042
6173044
6173045
6173047
6173048
6173049
6173051
6173052
6173054
6173055
6173057
6173058
6173060
6173061
6173063
6173076
6173077
6173079
6173080
6173082
6173083
6173085
6173086
6173088
6179313
6179315
6173089
6173090
6173092
6173093
6173095
6173096
6173098
6173099
6173101
6173102
6173104
6173105
6173107
6173108
6173110
6173111
6173113
6173114
6173115
6173117
6173118
6173120
6173121
6173123
6173124
6173126
6173127
6173129
6173130
6173132
6173133
6173135
6173136
6173137
6173139
6173140
6173142
6173143
6173145
6173146
6173148
6173149
6173150
6173152
6173153
6173155
6173156
6173158
6173159
6173161
6173162
6173164
6173165
6173166
6173171
6173172
6173174
6173175
6173177
6173178
6173180
6173181
6173183
6173184
6173186
6173187
6173189
6173190
6173192
6136257
6136258
6136260
6136690
6136692
6167206
6167212
6167213
6167215
6167216
6167208
6167218
6167220
6167221
6167223
6167224
6167226
6167227
6167229
6167230
6167232
6136693
6169874
6169876
6169877
6169879
6169880
6169882
6136694
6169985
6169987
6169988
6169990
6136695
6170311
6170313
6170314
6170316
6170317
6170319
6170320
6170322
6170323
6170325
6170326
6170328
6136696
6170377
6170379
6170380
6170382
6136697
6170383
6170385
6170386
6170388
6170389
6170391
6136261
6136698
6136700
6170552
6170554
6170555
6170557
6170558
6170560
6170561
6170563
6136701
6170564
6170566
6170567
6170569
6170570
6170572
6170573
6170575
6136702
6170577
6170579
6170580
6170582
6170583
6170585
6170586
6170588
6170589
6170591
6170592
6170594
6170595
6170597
6136703
6170622
6170624
6170625
6170627
6170628
6170630
6170631
6170633
6170634
6170636
6136704
6170637
6170639
6170640
6170642
6170643
6170645
6136705
6170688
6170690
6170691
6170693
6170694
6170696
6136706
6136707
6136709
6164550
6164552
6164553
6164555
6164556
6164558
6164559
6164561
6164562
6164564
6136710
6164718
6164720
6164728
6164730
6164731
6164733
6164734
6164736
6164737
6164739
6164740
6164742
6164652
6164749
6164751
6164752
6164754
6164755
6164757
6164758
6164760
6164767
6164769
6164770
6164772
6136711
6136712
6136714
6164445
6164447
6164448
6164450
6164451
6164453
6164454
6164456
6136715
6164488
6164490
6164491
6164493
6164494
6164496
6164497
6164499
6164500
6164502
6164504
6164503
6164506
6164508
6136716
6136717
6136719
6169954
6169956
6169957
6169959
6169960
6169962
6136720
6169973
6169975
6169976
6169978
6169979
6169981
6169982
6169984
6136721
6170042
6170044
6170045
6170047
6170048
6170050
6170051
6170053
6136722
6170087
6170089
6170090
6170092
6170093
6170095
6170096
6170098
6170099
6170101
6136723
6170204
6170206
6170229
6170234
6170235
6170237
6170238
6170240
6170231
6170232
6136724
6170251
6170253
6170254
6170256
6170257
6170259
6170260
6170262
6170263
6170280
6170281
6170283
6136725
6136726
6164685
6164686
6164688
6164689
6164691
6164692
6164694
6164695
6164697
6164698
6164700
6164701
6164703
6164704
6164706
6164707
6164709
6136729
6170000
6170002
6170003
6170005
6170006
6170008
6170009
6170011
6136730
6170413
6170415
6170416
6170418
6170419
6170421
6170435
6170437
6136732
6170480
6170482
6170483
6170485
6170486
6170488
6170489
6170491
6136731
6170461
6170463
6170464
6170466
6170467
6170469
6170470
6170472
6170473
6170474
6170476
6170477
6170479
6136733
6168768
6168770
6168771
6168773
6168774
6168776
6168777
6168779
6136734
6136735
6136737
6170496
6170498
6170499
6170501
6170502
6170504
6170505
6170507
6170508
6170510
6136738
6170697
6170699
6170700
6170702
6136739
6170703
6170705
6170706
6170708
6170709
6170711
6136740
6170722
6170724
6170725
6170727
6170728
6170730
6170731
6170733
6136741
6170747
6170749
6170750
6170752
6170753
6170755
6170756
6170758
6170759
6170761
6170762
6170764
6136742
6170769
6170771
6170772
6170774
6170775
6170777
6170778
6170780
6170781
6170783
6170784
6170786
6167874
6167875
6167877
6170111
6170113
6170114
6170116
6170117
6170119
6170120
6170122
6170123
6170125
6170126
6170128
6167878
6170144
6170146
6170147
6170149
6170150
6170152
6173275
6173277
6167879
6170284
6170286
6170287
6170289
6170290
6170292
6167880
6170422
6170424
6170425
6170427
6170428
6170430
6136262
6136263
6136265
6136266
